23
54
86
116
147
178
209
240
271
302
333
364
395
426
457
488
519
550
581
612
643
674
705
736
767
798
829
860
891
922
953
984
1015
1046
1077
1108
1139
1170
1201
1232
1263
1294
1325
1356
1387
1418
1449
1480
1511
1542
1573
1604
1635
1666
1697
1728
1759
1790
1821
1852
1883
1914
1945
1976
2007
2038
2069
2100
2131
2162
2193
2224
2255
2286
2317
2348
2379
2410
2441
2472
2503
2534
2565
2596
2627
2658
2689
2720
2751
2782
2813
2844
2875
2906
2937
2968
2999
3030
3061
3092
3123
3154
3185
3216
3247
3278
3308
3339
3370
3401
3432
3463
3494
3525
3556
3587
3618
3649
3680
